0 10 100 \; 0.75 10 10 \;;
0 8 100 \; 0.75 8 100 \; 1 1 100 \; 1.5 8 20 \; 3 1 100 \;;
0 8 100 \; 1 1 100 \; 3 1 100 \;;
0 10 100 \; 0.5 3 45 \; 0.75 10 10 \; 1 10 100 \; 1.5 10 10 \; 2 10
100 \; 2.25 10 45 \; 3 10 100 \; 3.75 10 18 \;;
0 10 100 \; 0.75 10 10 \; 2 2 100 \;;
0 10 100 \; 0.75 10 10 \; 2 2 100 \; 3 2 50 \;;
0 10 100 \; 0.75 10 10 \; 2 2 100 \; 3 2 70 \; 3.5 2 45 \; 3.75 2 25
\;;
0 10 100 \; 0.75 10 10 \; 2 2 100 \; 3 2 50 \; 3.125 2 45 \; 3.5 2
45 \; 3.625 10 \; 3.75 2 35 \;;
0 10 100 \; 0.75 10 10 \; 2 2 100 \; 2 10 100 \; 3 2 50 \; 3 10 100
\; 3.125 2 45 \; 3.5 2 45 \; 3.625 10 \; 3.75 2 35 \;;
0 10 100 \; 0.75 10 10 \; 1 10 100 \; 2 2 100 \; 2 10 100 \; 3 2 50
\; 3 10 100 \; 3.125 2 45 \; 3.5 2 45 \; 3.625 10 \; 3.75 2 35 \;;
