0 60 100 100 64 100 100 67 100 100 71 100 100;
0.25 60 100 100 64 100 100 67 100 100 71 100 100;
0.75 60 100 100 64 100 100 67 100 100 71 100 100;
1 60 100 100 64 100 100 67 100 100 71 100 100;
1.25 60 100 100 64 100 100 67 100 100 71 100 100;
1.75 60 100 100 64 100 100 67 100 100 71 100 100;
2 66 100 100 64 100 100 67 100 100 71 100 100;
2.25 66 100 100 64 100 100 67 100 100 71 100 100;
2.5 66 100 100 64 100 100 67 100 100 71 100 100;
2.75 66 100 100 64 100 100 67 100 100 71 100 100;
3.25 66 100 100 64 100 100 67 100 100 71 100 100;
