0 6 100 \; 3 5 100 \;;
0 60 100 1000 64 100 1000 67 100 1000 71 100 1000 \; 0.33333 55 120
1000 \; 3 45 100 100 \;;
0 60 100 1000 64 100 1000 67 100 1000 71 100 1000 \; 0.33333 55 120
1000 \; 1 60 100 1000 64 100 1000 67 100 1000 71 100 1000 \; 3 45 100
100 \;;
0 60 100 1000 64 100 1000 67 100 1000 71 100 1000 \; 1 66 100 1000
70 100 1000 73 100 1000 77 100 1000 \; 1.25 66 100 1000 70 100 1000
73 100 1000 77 100 1000 \; 1.5 66 100 1000 70 100 1000 73 100 1000
77 100 1000 \; 1.75 66 100 1000 70 100 1000 73 100 1000 77 100 1000
\;;
0.25 66 100 1000 70 100 1000 73 100 1000 77 100 1000 \; 1 66 100 1000
70 100 1000 73 100 1000 77 100 1000 \; 3 45 100 100 \;;
0 60 100 1000 64 100 1000 67 100 1000 71 100 1000 \; 1 66 100 1000
70 100 1000 73 100 1000 77 100 1000 \; 1.25 66 100 1000 70 100 1000
73 100 1000 77 100 1000 \; 1.5 66 100 1000 70 100 1000 73 100 1000
77 100 1000 \; 1.75 66 100 1000 70 100 1000 73 100 1000 77 100 1000
\; 2.75 66 100 1000 70 100 1000 73 100 1000 77 100 1000 \; 3.25 70
100 100 74 100 100 77 100 100 81 100 100 \;;
0 60 100 1000 64 100 1000 67 100 1000 71 100 1000 \; 1 66 100 1000
70 100 1000 73 100 1000 77 100 1000 \; 1.25 66 100 1000 70 100 1000
73 100 1000 77 100 1000 \; 1.5 66 100 1000 70 100 1000 73 100 1000
77 100 1000 \; 1.75 66 100 1000 70 100 1000 73 100 1000 77 100 1000
\; 2.75 66 100 1000 70 100 1000 73 100 1000 77 100 1000 \; 3.25 70
100 100 74 100 100 77 100 100 81 100 100 \;;
